function K = k_lookup(v,vmin,vmax)

% Auto generated lookup function

n = 200;
K_L = [
	-22508.659828 -7172.390782 -31.622777 38.865740 -0.000000
	0.000000 0.000000 0.000000 -0.000000 31.622777
	-15035.084775 -4782.307485 -31.622777 38.854473 0.000000
	-0.000000 -0.000000 -0.000000 0.000000 31.622777
	-11290.138692 -3582.089176 -31.622777 38.838752 0.000000
	-0.000000 -0.000000 -0.000000 0.000000 31.622777
	-9041.168759 -2859.271563 -31.622777 38.818611 -0.000000
	0.000000 0.000000 0.000000 -0.000000 31.622777
	-7541.459182 -2375.571889 -31.622777 38.794094 -0.000000
	0.000000 0.000000 0.000000 -0.000000 31.622777
	-6470.376928 -2028.675841 -31.622777 38.765253 0.000000
	-0.000000 -0.000000 -0.000000 0.000000 31.622777
	-5667.405839 -1767.364420 -31.622777 38.732152 0.000000
	0.000000 0.000000 0.000000 0.000000 31.622777
	-5043.292517 -1563.159444 -31.622777 38.694863 0.000000
	-0.000000 -0.000000 -0.000000 0.000000 31.622777
	-4544.450893 -1398.964585 -31.622777 38.653469 -0.000000
	0.000000 0.000000 0.000000 -0.000000 31.622777
	-4136.764672 -1263.896511 -31.622777 38.608062 0.000000
	0.000000 0.000000 0.000000 0.000000 31.622777
	-3797.481735 -1150.698280 -31.622777 38.558743 -0.000000
	0.000000 0.000000 0.000000 -0.000000 31.622777
	-3510.846676 -1054.345619 -31.622777 38.505622 0.000000
	-0.000000 -0.000000 0.000000 0.000000 31.622777
	-3265.603764 -971.250072 -31.622777 38.448820 0.000000
	-0.000000 -0.000000 -0.000000 0.000000 31.622777
	-3053.498032 -898.780675 -31.622777 38.388465 0.000000
	-0.000000 -0.000000 -0.000000 0.000000 31.622777
	-2868.338104 -834.964880 -31.622777 38.324696 -0.000000
	0.000000 0.000000 0.000000 -0.000000 31.622777
	-2705.389588 -778.294965 -31.622777 38.257658 -0.000000
	-0.000000 -0.000000 -0.000000 -0.000000 31.622777
	-2560.970545 -727.598935 -31.622777 38.187507 0.000000
	-0.000000 -0.000000 -0.000000 0.000000 31.622777
	-2432.174637 -681.952163 -31.622777 38.114404 0.000000
	-0.000000 -0.000000 -0.000000 0.000000 31.622777
	-2316.677278 -640.615517 -31.622777 38.038521 -0.000000
	-0.000000 -0.000000 -0.000000 -0.000000 31.622777
	-2212.597141 -602.991153 -31.622777 37.960033 -0.000000
	-0.000000 -0.000000 -0.000000 -0.000000 31.622777
	-2118.395408 -568.590353 -31.622777 37.879126 -0.000000
	0.000000 0.000000 0.000000 -0.000000 31.622777
	-2032.801285 -537.009743 -31.622777 37.795987 0.000000
	0.000000 0.000000 0.000000 0.000000 31.622777
	-1954.756129 -507.913451 -31.622777 37.710812 0.000000
	0.000000 0.000000 0.000000 0.000000 31.622777
	-1883.370965 -481.019539 -31.622777 37.623798 0.000000
	-0.000000 -0.000000 -0.000000 0.000000 31.622777
	-1817.893804 -456.089561 -31.622777 37.535148 -0.000000
	0.000000 0.000000 0.000000 -0.000000 31.622777
	-1757.684212 -432.920441 -31.622777 37.445067 -0.000000
	-0.000000 -0.000000 -0.000000 -0.000000 31.622777
	-1702.193325 -411.338084 -31.622777 37.353760 -0.000000
	0.000000 0.000000 0.000000 -0.000000 31.622777
	-1650.947991 -391.192309 -31.622777 37.261434 -0.000000
	-0.000000 -0.000000 -0.000000 -0.000000 31.622777
	-1603.538085 -372.352793 -31.622777 37.168295 -0.000000
	0.000000 0.000000 0.000000 -0.000000 31.622777
	-1559.606266 -354.705802 -31.622777 37.074547 0.000000
	-0.000000 -0.000000 -0.000000 0.000000 31.622777
	-1518.839668 -338.151533 -31.622777 36.980391 -0.000000
	-0.000000 -0.000000 -0.000000 -0.000000 31.622777
	-1480.963088 -322.601944 -31.622777 36.886025 0.000000
	-0.000000 -0.000000 -0.000000 0.000000 31.622777
	-1445.733385 -307.978966 -31.622777 36.791641 -0.000000
	0.000000 0.000000 0.000000 -0.000000 31.622777
	-1412.934840 -294.213029 -31.622777 36.697427 0.000000
	-0.000000 -0.000000 -0.000000 0.000000 31.622777
	-1382.375288 -281.241833 -31.622777 36.603560 0.000000
	0.000000 0.000000 0.000000 0.000000 31.622777
	-1353.882889 -269.009328 -31.622777 36.510214 -0.000000
	-0.000000 -0.000000 -0.000000 -0.000000 31.622777
	-1327.303404 -257.464856 -31.622777 36.417550 0.000000
	0.000000 0.000000 0.000000 0.000000 31.622777
	-1302.497905 -246.562436 -31.622777 36.325723 -0.000000
	0.000000 0.000000 0.000000 -0.000000 31.622777
	-1279.340827 -236.260152 -31.622777 36.234874 -0.000000
	-0.000000 -0.000000 -0.000000 -0.000000 31.622777
	-1257.718313 -226.519649 -31.622777 36.145137 0.000000
	-0.000000 -0.000000 -0.000000 0.000000 31.622777
	-1237.526805 -217.305698 -31.622777 36.056634 -0.000000
	0.000000 0.000000 0.000000 -0.000000 31.622777
	-1218.671833 -208.585830 -31.622777 35.969474 -0.000000
	-0.000000 -0.000000 -0.000000 -0.000000 31.622777
	-1201.066977 -200.330025 -31.622777 35.883758 -0.000000
	-0.000000 -0.000000 -0.000000 -0.000000 31.622777
	-1184.632973 -192.510448 -31.622777 35.799572 -0.000000
	0.000000 0.000000 0.000000 -0.000000 31.622777
	-1169.296944 -185.101221 -31.622777 35.716993 -0.000000
	0.000000 0.000000 0.000000 -0.000000 31.622777
	-1154.991726 -178.078233 -31.622777 35.636088 0.000000
	-0.000000 -0.000000 -0.000000 0.000000 31.622777
	-1141.655291 -171.418972 -31.622777 35.556911 -0.000000
	0.000000 0.000000 0.000000 -0.000000 31.622777
	-1129.230240 -165.102382 -31.622777 35.479506 -0.000000
	0.000000 0.000000 0.000000 -0.000000 31.622777
	-1117.663358 -159.108742 -31.622777 35.403910 -0.000000
	0.000000 0.000000 0.000000 -0.000000 31.622777
	-1106.905230 -153.419556 -31.622777 35.330147 -0.000000
	0.000000 0.000000 0.000000 -0.000000 31.622777
	-1096.909896 -148.017458 -31.622777 35.258235 -0.000000
	-0.000000 -0.000000 -0.000000 -0.000000 31.622777
	-1087.634549 -142.886133 -31.622777 35.188184 -0.000000
	0.000000 0.000000 0.000000 -0.000000 31.622777
	-1079.039271 -138.010242 -31.622777 35.119995 0.000000
	-0.000000 -0.000000 -0.000000 0.000000 31.622777
	-1071.086793 -133.375353 -31.622777 35.053664 -0.000000
	0.000000 0.000000 0.000000 -0.000000 31.622777
	-1063.742281 -128.967888 -31.622777 34.989179 0.000000
	0.000000 0.000000 0.000000 0.000000 31.622777
	-1056.973150 -124.775065 -31.622777 34.926525 0.000000
	0.000000 0.000000 0.000000 0.000000 31.622777
	-1050.748885 -120.784849 -31.622777 34.865681 0.000000
	-0.000000 -0.000000 -0.000000 0.000000 31.622777
	-1045.040896 -116.985911 -31.622777 34.806621 0.000000
	-0.000000 -0.000000 -0.000000 0.000000 31.622777
	-1039.822368 -113.367584 -31.622777 34.749316 -0.000000
	0.000000 0.000000 0.000000 -0.000000 31.622777
	-1035.068139 -109.919822 -31.622777 34.693735 -0.000000
	-0.000000 -0.000000 -0.000000 -0.000000 31.622777
	-1030.754582 -106.633169 -31.622777 34.639842 0.000000
	-0.000000 -0.000000 -0.000000 0.000000 31.622777
	-1026.859499 -103.498719 -31.622777 34.587602 0.000000
	-0.000000 -0.000000 -0.000000 0.000000 31.622777
	-1023.362020 -100.508092 -31.622777 34.536974 -0.000000
	-0.000000 -0.000000 -0.000000 -0.000000 31.622777
	-1020.242518 -97.653395 -31.622777 34.487920 -0.000000
	0.000000 0.000000 0.000000 -0.000000 31.622777
	-1017.482522 -94.927202 -31.622777 34.440399 0.000000
	0.000000 0.000000 0.000000 0.000000 31.622777
	-1015.064642 -92.322520 -31.622777 34.394368 0.000000
	-0.000000 -0.000000 -0.000000 0.000000 31.622777
	-1012.972497 -89.832770 -31.622777 34.349786 0.000000
	-0.000000 -0.000000 -0.000000 0.000000 31.622777
	-1011.190651 -87.451757 -31.622777 34.306611 -0.000000
	-0.000000 -0.000000 -0.000000 -0.000000 31.622777
	-1009.704551 -85.173654 -31.622777 34.264800 0.000000
	0.000000 0.000000 0.000000 0.000000 31.622777
	-1008.500469 -82.992973 -31.622777 34.224311 -0.000000
	0.000000 0.000000 0.000000 -0.000000 31.622777
	-1007.565452 -80.904550 -31.622777 34.185102 -0.000000
	0.000000 0.000000 0.000000 -0.000000 31.622777
	-1006.887271 -78.903525 -31.622777 34.147133 0.000000
	-0.000000 -0.000000 -0.000000 0.000000 31.622777
	-1006.454377 -76.985322 -31.622777 34.110363 -0.000000
	-0.000000 -0.000000 -0.000000 -0.000000 31.622777
	-1006.255856 -75.145633 -31.622777 34.074752 -0.000000
	0.000000 0.000000 0.000000 -0.000000 31.622777
	-1006.281392 -73.380402 -31.622777 34.040261 0.000000
